John  	B121387542  	19980721   	05130496   	85 72 64 
Kilo  	G372145207   	19971225   	05130214    	61 58 93
Body	A291876423	19980228	05130796	76  78  80
Swift	F154684831	19971010	05130665	92 87 92
Harp 	C271436058	19980501	05162424	83 65 7
Kilo   G372145207   19971225   05130214   61   58   93 
 Harp   C271436058   19980501   05162424   83   65   7 
 John   B121387542   19980721   05130496   85   72   64 
 Body   A291876423   19980228   05130796   76   78   80 
 Swift   F154684831   19971010   05130665   92   87   92 
Kilo   G372145207   19971225   05130214   61   58   93 
 Kilo   G372145207   19971225   05130214   61   58   93 
 Harp   C271436058   19980501   05162424   83   65   7 
 Harp   C271436058   19980501   05162424   83   65   7 
 John   B121387542   19980721   05130496   85   72   64 
Kilo   G372145207   19971225   05130214   61   58   93 
 Kilo   G372145207   19971225   05130214   61   58   93 
 Kilo   G372145207   19971225   05130214   61   58   93 
 Kilo   G372145207   19971225   05130214   61   58   93 
 Harp   C271436058   19980501   05162424   83   65   7 
